% inequality constriant function
function r = h (x)
  r = [(-x(1)-x(6)-x(11)-x(16)-x(21)-x(26)-x(31)-x(36)-x(41)-x(46)-x(51)-x(56)-
  x(61)-x(66)-x(71)-x(76)-x(81)-x(86)-x(91)-x(96)+200);(-x(2)-x(7)-x(12)-x(17)-
  x(22)-x(27)-x(32)-x(37)-x(42)-x(47)-x(52)-x(57)-x(62)-x(67)-x(72)-x(77)-x(82)-
  x(87)-x(92)-x(97)+100);(-x(3)-x(8)-x(13)-x(18)-x(23)-x(28)-x(33)-x(38)-x(43)-
  x(48)-x(53)-x(58)-x(63)-x(68)-x(73)-x(78)-x(83)-x(88)-x(93)-x(98)+300);(-x(4)-
  x(9)-x(14)-x(19)-x(24)-x(29)-x(34)-x(39)-x(44)-x(49)-x(54)-x(59)-x(64)-x(69)-
  x(74)-x(79)-x(84)-x(89)-x(94)-x(99)+150);(-x(5)-x(10)-x(15)-x(20)-x(25)-x(30)-
  x(35)-x(40)-x(45)-x(50)-x(55)-x(60)-x(65)-x(70)-x(75)-x(80)-x(85)-x(90)-x(95)-
  x(100)+250);(x(1)+x(2)+x(3)+x(4)+x(5)-30);(x(26)+x(27)+x(28)+x(29)+x(30)-100);
  (x(46)+x(47)+x(48)+x(49)+x(50)-40);(x(66)+x(67)+x(68)+x(69)+x(70)-50);(x(71)+
  x(72)+x(73)+x(74)+x(75)-70);(x(76)+x(77)+x(78)+x(79)+x(80)-35);(x(96)+
  x(97)+x(98)+x(99)+x(100)-10)]
endfunction